-70079.0
-70108.0
-70075.0
-70070.0
-70022.0
-70114.0
-70071.0
-70117.0
-70067.0
-70073.0
-70004.0
-70110.0
-70096.0
-70075.0
-70113.0
-70105.0
-70061.0
-70054.0
-70097.0
-70126.0
-70046.0
-70088.0
-70110.0
-70125.0
-70127.0
-70089.0
-70162.0
-70124.0
-70125.0
-70106.0
-70156.0
-70115.0
-70100.0
-70093.0
-70116.0
-70132.0
-70105.0
-70120.0
-70141.0
-70143.0
-70125.0
-70099.0
-70110.0
-70136.0
-70109.0
-70100.0
-70116.0
-70148.0
-70112.0
-70067.0
-70140.0
-70159.0
-70135.0
-70084.0
-70131.0
-70167.0
-70133.0
-70149.0
-70190.0
-70153.0
-70117.0
-70155.0
-70155.0
-70155.0
-70138.0
-70168.0
-70184.0
-70177.0
-70187.0
-70140.0
-70166.0
-70208.0
-70174.0
-70139.0
-70213.0
-70166.0
-70147.0
-70191.0
-70153.0
-70137.0
-70137.0
-70122.0
-70140.0
-70119.0
-70168.0
-70168.0
-70201.0
-70132.0
-70076.0
-70096.0
-70168.0
-70125.0
-70116.0
-70180.0
-70135.0
-70168.0
-70143.0
-70106.0
-70180.0
-70156.0
-70160.0
-70150.0
-70176.0
-70118.0
-70096.0
-70122.0
-70131.0
-70155.0
-70169.0
-70174.0
-70130.0
-70123.0
-70160.0
-70140.0
-70126.0
-70143.0
-70119.0
-70157.0
-70144.0
-70145.0
-70112.0
-70128.0
-70152.0
-70144.0
-70127.0
-70170.0
-70108.0
-70121.0
-70104.0
-70136.0
-70133.0
-70102.0
-70134.0
-70150.0
-70196.0
-70254.0
-70213.0
-70132.0
-70173.0
-70123.0
-70159.0
-70185.0
-70145.0
-70134.0
-70132.0
-70139.0
-70105.0
-70122.0
-70131.0
-70128.0
-70141.0
-70147.0
-70111.0
-70116.0
-70090.0
-70175.0
-70083.0
-70066.0
-70114.0
-70158.0
-70092.0
-70094.0
-70131.0
-70157.0
-70086.0
-70071.0
-70093.0
-70099.0
-70122.0
-70169.0
-70178.0
-70130.0
-70111.0
-70126.0
-70135.0
-70120.0
-70060.0
-70071.0
-70074.0
-70128.0
-70140.0
-70164.0
-70187.0
-70215.0
-70119.0
-70102.0
-70116.0
-70135.0
-70140.0
-70173.0
-70138.0
-70073.0
-70138.0
-70128.0
-70144.0
-70129.0
-70170.0
-70106.0
-70136.0
-70147.0
-70135.0
-70143.0
-70101.0
-70115.0
-70145.0
-70137.0
-70166.0
-70148.0
-70151.0
-70139.0
-70091.0
-70162.0
-70153.0
-70130.0
-70176.0
-70151.0
-70157.0
-70152.0
-70135.0
-70116.0
-70137.0
-70120.0
-70126.0
-70118.0
-70110.0
-70118.0
-70142.0
-70144.0
-70125.0
-70159.0
-70135.0
-70174.0
-70170.0
-70159.0
-70132.0
-70126.0
-70113.0
-70084.0
-70147.0
-70128.0
-70132.0
-70097.0
-70135.0
-70180.0
-70152.0
-70073.0
-70125.0
-70139.0
-70133.0
-70115.0
-70147.0
-70121.0
-70117.0
-70130.0
-70142.0
-70107.0
-70097.0
-70138.0
-70136.0
-70116.0
-70129.0
-70136.0
-70189.0
-70160.0
-70137.0
-70132.0
-70140.0
-70139.0
-70142.0
-70118.0
-70133.0
-70137.0
-70119.0
-70172.0
-70171.0
-70153.0
-70154.0
-70171.0
-70149.0
-70172.0
-70177.0
-70144.0
-70150.0
-70106.0
-70146.0
-70100.0
-70138.0
-70168.0
-70132.0
-70139.0
-70171.0
-70176.0
-70131.0
-70123.0
-70138.0
-70161.0
-70169.0
-70172.0
-70132.0
-70195.0
-70189.0
-70158.0
-70156.0
-70107.0
-70133.0
-70130.0
-70128.0
-70142.0
-70169.0
-70163.0
-70132.0
-70129.0
-70128.0
-70119.0
-70127.0
-70108.0
-70163.0
-70154.0
-70153.0
-70140.0
-70127.0
-70145.0
-70118.0
-70161.0
-70140.0
-70135.0
-70136.0
-70157.0
-70152.0
-70176.0
-70168.0
-70154.0
-70182.0
-70147.0
-70186.0
-70185.0
-70128.0
-70141.0
-70100.0
-70102.0
-70147.0
-70165.0
-70148.0
-70104.0
-70131.0
-70163.0
-70155.0
-70158.0
-70180.0
-70162.0
-70183.0
-70159.0
-70089.0
-70125.0
-70090.0
-70119.0
-70113.0
-70143.0
-70129.0
-70084.0
-70131.0
-70107.0
-70110.0
-70141.0
-70160.0
-70111.0
-70122.0
-70133.0
-70141.0
-70132.0
-70106.0
-70144.0
-70136.0
-70173.0
-70088.0
-70111.0
-70211.0
-70140.0
-70126.0
-70106.0
-70106.0
-70146.0
-70102.0
-70062.0
-70117.0
-70144.0
-70056.0
-70128.0
-70147.0
-70118.0
-70112.0
-70128.0
-70171.0
-70160.0
-70129.0
-70122.0
-70121.0
-70131.0
-70127.0
-70149.0
-70149.0
