1607368554.0269196	-119747.0
1607368554.0727255	-119793.0
1607368554.1655643	-119968.0
1607368554.2597625	-120577.0
1607368554.3539605	-120776.0
1607368554.4481616	-120775.0
1607368554.5423894	-120769.0
1607368554.6365573	-120795.0
1607368554.7307715	-120765.0
1607368554.824996	-120751.0
1607368554.92034	-120767.0
1607368555.0142763	-120748.0
1607368555.1082485	-120787.0
1607368555.2027142	-120768.0
1607368555.2968576	-120727.0
1607368555.3910336	-120709.0
1607368555.48525	-120723.0
1607368555.579445	-120726.0
1607368555.6736884	-120714.0
1607368555.767879	-120685.0
1607368555.862067	-120679.0
1607368555.95625	-120688.0
1607368556.0504622	-120694.0
1607368556.144687	-120690.0
1607368556.2388787	-120725.0
1607368556.3331301	-120728.0
1607368556.4272857	-120725.0
1607368556.521495	-120750.0
1607368556.6156785	-120713.0
1607368556.7098954	-120690.0
1607368556.8040912	-120709.0
1607368556.8982801	-120687.0
1607368556.9925926	-120672.0
1607368557.0866942	-120697.0
1607368557.1808999	-120719.0
1607368557.2751076	-120752.0
1607368557.369107	-120773.0
1607368557.4633508	-120757.0
1607368557.5575254	-120721.0
1607368557.6517205	-120672.0
1607368557.7458475	-120705.0
1607368557.8399894	-120710.0
1607368557.9341733	-120682.0
1607368558.0283442	-120738.0
1607368558.1225986	-120732.0
1607368558.2166998	-120749.0
1607368558.3108761	-120757.0
1607368558.4051185	-120748.0
1607368558.499229	-120735.0
1607368558.593434	-120741.0
1607368558.68754	-120789.0
1607368558.781733	-120748.0
1607368558.875935	-120718.0
1607368558.9700587	-120732.0
1607368559.0642586	-120680.0
1607368559.1584508	-120694.0
1607368559.2526364	-120716.0
1607368559.3467803	-120761.0
1607368559.4409158	-120723.0
1607368559.5351157	-120698.0
1607368559.629306	-120729.0
1607368559.723393	-120741.0
1607368559.8176339	-120773.0
1607368559.9117367	-120725.0
1607368560.0059574	-120697.0
1607368560.10015	-120727.0
1607368560.191282	-120747.0
1607368560.2854688	-120743.0
1607368560.3796911	-120739.0
1607368560.473922	-120728.0
1607368560.5680835	-120672.0
1607368560.6623414	-120692.0
1607368560.7564392	-120708.0
1607368560.8507009	-120708.0
1607368560.944914	-120710.0
1607368561.0390954	-120705.0
1607368561.1331615	-120733.0
1607368561.2275202	-120744.0
1607368561.3217092	-120694.0
1607368561.415915	-120725.0
1607368561.5101223	-120697.0
1607368561.6043108	-120611.0
1607368561.69852	-120602.0
1607368561.7927623	-120641.0
1607368561.8869193	-120690.0
1607368561.9811223	-120713.0
1607368562.075327	-120650.0
1607368562.1695368	-120632.0
1607368562.2637725	-120692.0
1607368562.357988	-120663.0
1607368562.45223	-120637.0
1607368562.546445	-120696.0
1607368562.6406364	-120686.0
1607368562.7348416	-120623.0
1607368562.8290274	-120659.0
1607368562.923227	-120640.0
1607368563.0174565	-120617.0
1607368563.111654	-120638.0
1607368563.2058465	-120616.0
1607368563.300058	-120640.0
1607368563.393809	-120686.0
1607368563.4882498	-120660.0
1607368563.5824564	-120610.0
1607368563.6766186	-120597.0
1607368563.7707305	-120624.0
1607368563.8649278	-120658.0
1607368563.9591358	-120660.0
1607368564.0533242	-120603.0
1607368564.147467	-120587.0
1607368564.2415795	-120624.0
1607368564.3357773	-120592.0
1607368564.4299908	-120560.0
1607368564.524106	-120639.0
1607368564.6181433	-120650.0
1607368564.7124686	-120632.0
1607368564.8065736	-120615.0
1607368564.90083	-120623.0
1607368564.9949806	-120581.0
1607368565.0891395	-120578.0
1607368565.183407	-120628.0
1607368565.2774854	-120629.0
1607368565.3716857	-120638.0
1607368565.4658747	-120662.0
1607368565.5600076	-120681.0
1607368565.6542144	-120679.0
1607368565.748408	-120588.0
1607368565.8425767	-120632.0
1607368565.9367292	-120664.0
1607368566.0309455	-120695.0
1607368566.1250565	-120646.0
1607368566.2192397	-120597.0
1607368566.3134704	-120621.0
1607368566.4076607	-120653.0
1607368566.5018604	-120647.0
1607368566.5930812	-120647.0
1607368566.6872497	-120670.0
1607368566.781451	-120649.0
1607368566.8756695	-120632.0
1607368566.9698484	-120671.0
1607368567.0638595	-120635.0
1607368567.1582444	-120598.0
1607368567.2525105	-120648.0
1607368567.346656	-120670.0
1607368567.4408472	-120667.0
1607368567.5350583	-120631.0
1607368567.6292558	-120618.0
1607368567.7234538	-120612.0
1607368567.8176534	-120649.0
1607368567.9118364	-120697.0
1607368568.0060704	-120617.0
1607368568.1002443	-120605.0
1607368568.1944585	-120628.0
1607368568.2886615	-120662.0
1607368568.3829002	-120679.0
1607368568.4771144	-120680.0
1607368568.5712621	-120687.0
1607368568.6654687	-120667.0
1607368568.7596638	-120680.0
1607368568.8539486	-120671.0
1607368568.9480944	-120681.0
1607368569.0423496	-120653.0
1607368569.1365225	-120660.0
1607368569.230701	-120680.0
1607368569.3246717	-120712.0
1607368569.4191022	-120678.0
1607368569.5131295	-120676.0
1607368569.6075134	-120615.0
1607368569.701717	-120637.0
1607368569.7959259	-120695.0
1607368569.890085	-120659.0
1607368569.9843254	-120658.0
1607368570.078522	-120714.0
1607368570.1727624	-120693.0
1607368570.2669425	-120709.0
1607368570.3611205	-120667.0
1607368570.4551754	-120626.0
1607368570.5493026	-120647.0
1607368570.6435497	-120651.0
1607368570.7376952	-120650.0
1607368570.8319087	-120675.0
1607368570.926101	-120707.0
1607368571.0203145	-120695.0
1607368571.114518	-120732.0
1607368571.208637	-120708.0
1607368571.3028822	-120696.0
1607368571.3970432	-120703.0
1607368571.4911366	-120697.0
1607368571.585354	-120681.0
1607368571.6794791	-120671.0
1607368571.773688	-120685.0
1607368571.867873	-120688.0
1607368571.9620385	-120668.0
1607368572.0561535	-120652.0
1607368572.1502423	-120673.0
1607368572.2446043	-120712.0
1607368572.3388045	-120700.0
1607368572.4329746	-120665.0
1607368572.5271351	-120652.0
1607368572.6212528	-120649.0
1607368572.7154489	-120620.0
1607368572.809649	-120656.0
1607368572.9037743	-120666.0
1607368572.9979727	-120691.0
1607368573.0921729	-120664.0
1607368573.186299	-120639.0
1607368573.2803671	-120719.0
1607368573.374668	-120714.0
1607368573.4688363	-120711.0
1607368573.5630379	-120765.0
1607368573.6572025	-120714.0
1607368573.7513027	-120697.0
1607368573.8455145	-120669.0
1607368573.9366574	-120674.0
1607368574.030844	-120745.0
1607368574.1250527	-120734.0
1607368574.2192526	-120697.0
1607368574.3134878	-120715.0
1607368574.4076147	-120721.0
1607368574.5018501	-120751.0
1607368574.596041	-120714.0
1607368574.690353	-120668.0
1607368574.7845716	-120680.0
1607368574.8787715	-120728.0
1607368574.9729757	-120735.0
1607368575.0671751	-120751.0
1607368575.161354	-120776.0
1607368575.2555656	-120733.0
1607368575.3497722	-120662.0
1607368575.4440184	-120661.0
1607368575.5381746	-120703.0
1607368575.6324122	-120727.0
1607368575.726581	-120731.0
1607368575.8207717	-120742.0
1607368575.9149904	-120728.0
1607368576.009182	-120700.0
1607368576.1034276	-120757.0
1607368576.197587	-120719.0
1607368576.2917836	-120716.0
1607368576.385997	-120711.0
1607368576.4801948	-120716.0
1607368576.5743642	-120700.0
1607368576.6683493	-120686.0
1607368576.7624047	-120686.0
1607368576.856724	-120754.0
1607368576.9509966	-120733.0
1607368577.0451667	-120793.0
1607368577.1393242	-120795.0
1607368577.2336013	-120778.0
1607368577.3276765	-120823.0
1607368577.4218652	-120822.0
1607368577.516093	-120783.0
1607368577.6101997	-120759.0
1607368577.7043948	-120722.0
1607368577.7985964	-120706.0
1607368577.8927612	-120768.0
1607368577.9869223	-120739.0
1607368578.0811412	-120667.0
1607368578.175326	-120670.0
1607368578.269455	-120744.0
1607368578.3636506	-120719.0
1607368578.4577963	-120738.0
1607368578.551958	-120789.0
1607368578.6462033	-120761.0
1607368578.7402856	-120706.0
1607368578.8345306	-120730.0
1607368578.9287114	-120742.0
1607368579.0228155	-120767.0
1607368579.117038	-120807.0
1607368579.2112355	-120782.0
1607368579.305363	-120773.0
1607368579.3995543	-120807.0
1607368579.493686	-120856.0
1607368579.58789	-120793.0
1607368579.6819792	-120746.0
1607368579.776202	-120791.0
1607368579.8673794	-120813.0
1607368579.9616284	-120801.0
1607368580.0557694	-120792.0
1607368580.149988	-120821.0
1607368580.2439606	-120800.0
1607368580.3383949	-120807.0
1607368580.4326558	-120843.0
1607368580.5267906	-120815.0
1607368580.620977	-120797.0
1607368580.7151875	-120846.0
1607368580.809386	-120824.0
1607368580.9036405	-120843.0
1607368580.99779	-120840.0
1607368581.0920315	-120819.0
1607368581.1862032	-120821.0
1607368581.280203	-120774.0
1607368581.374602	-120788.0
1607368581.468841	-120779.0
1607368581.5630462	-120802.0
1607368581.6572046	-120885.0
1607368581.7514195	-120865.0
1607368581.845613	-120793.0
1607368581.9397578	-120814.0
1607368582.0340447	-120862.0
1607368582.1282232	-120859.0
1607368582.222472	-120867.0
1607368582.3166153	-120850.0
1607368582.4108157	-120829.0
1607368582.5050259	-120862.0
1607368582.5992188	-120896.0
1607368582.6934643	-120883.0
1607368582.7876313	-120860.0
1607368582.881829	-120907.0
1607368582.976036	-120886.0
1607368583.0699997	-120827.0
1607368583.164199	-120847.0
1607368583.2583966	-120840.0
1607368583.3526502	-120772.0
1607368583.4467568	-120793.0
1607368583.540919	-120796.0
1607368583.63512	-120761.0
1607368583.7292445	-120811.0
1607368583.8234751	-120928.0
1607368583.9176548	-120913.0
1607368584.0118635	-120845.0
1607368584.1059608	-120839.0
1607368584.2001815	-120818.0
1607368584.2943864	-120843.0
1607368584.3885975	-120889.0
1607368584.4828248	-120881.0
1607368584.577014	-120855.0
1607368584.6711907	-120801.0
1607368584.76531	-120787.0
1607368584.859523	-120829.0
1607368584.9537296	-120860.0
1607368585.047926	-120861.0
1607368585.142129	-120795.0
1607368585.2362375	-120862.0
1607368585.3304522	-120881.0
1607368585.424547	-120879.0
1607368585.5187817	-120878.0
1607368585.613021	-120885.0
1607368585.7070646	-120899.0
1607368585.8012986	-120874.0
1607368585.8954992	-120847.0
1607368585.9895582	-120882.0
1607368586.0838313	-120917.0
1607368586.1779432	-120925.0
1607368586.2721412	-120940.0
1607368586.3663476	-120936.0
1607368586.4604712	-120944.0
1607368586.55467	-120932.0
1607368586.6488628	-120923.0
1607368586.740033	-120881.0
1607368586.8342617	-120869.0
1607368586.9282258	-120952.0
1607368587.0226817	-120916.0
1607368587.1168568	-120956.0
1607368587.2110436	-120951.0
1607368587.3052547	-120914.0
1607368587.3994467	-120881.0
1607368587.4937131	-120902.0
1607368587.587868	-120903.0
1607368587.6820478	-120906.0
1607368587.7762585	-120891.0
1607368587.8704443	-120881.0
1607368587.9646873	-120849.0
1607368588.0588665	-120852.0
1607368588.153114	-120856.0
1607368588.2472587	-120846.0
1607368588.3414614	-120874.0
1607368588.4357271	-120879.0
1607368588.5298612	-120886.0
1607368588.6240869	-120883.0
1607368588.7182717	-120914.0
1607368588.8125238	-120894.0
1607368588.9066412	-120902.0
1607368589.0008848	-120902.0
1607368589.095087	-120934.0
1607368589.1892555	-120970.0
1607368589.2835484	-120936.0
1607368589.3777046	-120884.0
1607368589.4718897	-120894.0
1607368589.566094	-120891.0
1607368589.660296	-120923.0
1607368589.7545207	-120896.0
1607368589.848698	-120904.0
1607368589.9429421	-120902.0
1607368590.03711	-120902.0
1607368590.1313198	-120938.0
1607368590.2255108	-120901.0
1607368590.3197165	-120897.0
1607368590.4140296	-120910.0
1607368590.5081165	-120906.0
1607368590.6020775	-120893.0
1607368590.6963134	-120901.0
1607368590.7904813	-120892.0
1607368590.8846872	-120887.0
1607368590.9789004	-120903.0
1607368591.0730965	-120878.0
1607368591.1672194	-120870.0
1607368591.2614071	-120874.0
1607368591.35562	-120858.0
1607368591.4497352	-120911.0
1607368591.5439472	-120874.0
1607368591.6380622	-120851.0
1607368591.7323256	-120881.0
1607368591.8264916	-120904.0
1607368591.9206295	-120886.0
1607368592.014791	-120862.0
1607368592.1089077	-120836.0
1607368592.2031438	-120848.0
1607368592.297318	-120841.0
1607368592.391516	-120877.0
1607368592.4856474	-120885.0
1607368592.5798373	-120889.0
1607368592.6740491	-120880.0
1607368592.7682276	-120852.0
1607368592.8624218	-120872.0
1607368592.9565291	-120878.0
1607368593.0507536	-120873.0
1607368593.1449692	-120866.0
1607368593.239057	-120886.0
1607368593.3333156	-120902.0
1607368593.4275205	-120913.0
1607368593.5216858	-120897.0
1607368593.6159117	-120902.0
1607368593.710027	-120887.0
1607368593.8042564	-120858.0
1607368593.8984263	-120920.0
1607368593.9926884	-120886.0
1607368594.086752	-120874.0
1607368594.1809568	-120895.0
1607368594.2751608	-120899.0
1607368594.3663297	-120854.0
1607368594.460317	-120864.0
1607368594.5547373	-120853.0
1607368594.64895	-120839.0
1607368594.743188	-120854.0
1607368594.837335	-120846.0
1607368594.9315734	-120843.0
1607368595.0257568	-120884.0
1607368595.1199558	-120892.0
1607368595.2141614	-120906.0
1607368595.3083458	-120927.0
1607368595.402602	-120890.0
1607368595.4967692	-120792.0
1607368595.5909448	-120779.0
1607368595.6849556	-120810.0
1607368595.7793698	-120853.0
1607368595.873637	-120789.0
1607368595.9677618	-120812.0
1607368596.0619643	-120824.0
1607368596.15611	-120824.0
1607368596.2503512	-120860.0
1607368596.344558	-120880.0
1607368596.4387577	-120804.0
1607368596.5330453	-120775.0
1607368596.627194	-120822.0
1607368596.7214034	-120781.0
1607368596.8156114	-120795.0
1607368596.9095953	-120826.0
1607368597.0035832	-120813.0
1607368597.0979497	-120796.0
1607368597.1920617	-120805.0
1607368597.2862725	-120781.0
1607368597.380377	-120792.0
1607368597.4745786	-120785.0
1607368597.568794	-120778.0
1607368597.662945	-120779.0
1607368597.7571034	-120809.0
1607368597.85122	-120792.0
1607368597.9454343	-120778.0
1607368598.0394866	-120767.0
1607368598.1337473	-120782.0
1607368598.2279513	-120782.0
1607368598.3220725	-120780.0
1607368598.4163153	-120744.0
1607368598.5104046	-120726.0
1607368598.6045895	-120770.0
1607368598.698792	-120817.0
1607368598.7929657	-120758.0
1607368598.8871117	-120772.0
1607368598.9813235	-120800.0
1607368599.0754569	-120782.0
1607368599.1696494	-120789.0
1607368599.263843	-120827.0
1607368599.3579562	-120841.0
1607368599.4521697	-120807.0
1607368599.543377	-120771.0
1607368599.6375537	-120776.0
1607368599.7317433	-120753.0
1607368599.8259413	-120736.0
1607368599.9201984	-120725.0
1607368600.014384	-120750.0
1607368600.1085823	-120780.0
1607368600.2028227	-120771.0
1607368600.2969866	-120790.0
1607368600.3911722	-120789.0
1607368600.485393	-120769.0
1607368600.5795937	-120730.0
1607368600.6735926	-120674.0
1607368600.7679899	-120683.0
1607368600.8622043	-120766.0
1607368600.9563615	-120725.0
1607368601.0505946	-120692.0
1607368601.1447885	-120713.0
1607368601.238977	-120715.0
1607368601.333246	-120693.0
1607368601.4274065	-120690.0
1607368601.5216026	-120762.0
1607368601.615801	-120800.0
1607368601.7099948	-120788.0
1607368601.8042283	-120807.0
1607368601.8984113	-120766.0
1607368601.9926634	-120781.0
1607368602.0868104	-120761.0
1607368602.1809938	-120735.0
1607368602.2749858	-120771.0
1607368602.3691654	-120812.0
1607368602.4634194	-120756.0
1607368602.5575728	-120764.0
1607368602.651676	-120796.0
1607368602.74589	-120820.0
1607368602.8399847	-120775.0
1607368602.9342093	-120797.0
1607368603.028323	-120835.0
1607368603.1225407	-120851.0
1607368603.2167394	-120885.0
1607368603.3108637	-120888.0
1607368603.4051173	-120829.0
1607368603.499184	-120797.0
1607368603.5934267	-120793.0
1607368603.6875064	-120797.0
1607368603.7817044	-120849.0
1607368603.87584	-120848.0
1607368603.970051	-120841.0
1607368604.064247	-120876.0
1607368604.158355	-120876.0
1607368604.2526267	-120906.0
1607368604.3466845	-120897.0
1607368604.4408755	-120865.0
1607368604.5350072	-120900.0
1607368604.6292074	-120874.0
1607368604.7233841	-120879.0
1607368604.814565	-120860.0
1607368604.9087522	-120870.0
1607368605.0030184	-120866.0
1607368605.0971782	-120904.0
1607368605.1913953	-120895.0
1607368605.2855933	-120865.0
1607368605.379799	-120850.0
1607368605.4740229	-120860.0
1607368605.5682104	-120869.0
1607368605.6624527	-120857.0
1607368605.7563474	-120845.0
1607368605.8508053	-120834.0
1607368605.945027	-120833.0
1607368606.0391877	-120854.0
1607368606.1334643	-120860.0
1607368606.2276227	-120867.0
1607368606.321826	-120867.0
1607368606.4160588	-120805.0
1607368606.5102196	-120778.0
1607368606.6044517	-120850.0
1607368606.6986482	-120890.0
1607368606.7928839	-120839.0
1607368606.8869934	-120802.0
1607368606.9811773	-120809.0
1607368607.0753684	-120790.0
1607368607.1695588	-120814.0
1607368607.2638013	-120868.0
1607368607.3579574	-120878.0
1607368607.4521625	-120859.0
1607368607.5463877	-120830.0
1607368607.6405547	-120808.0
1607368607.734567	-120821.0
1607368607.8287632	-120837.0
1607368607.922973	-120835.0
1607368608.0171816	-120779.0
1607368608.1113791	-120736.0
1607368608.2054756	-120768.0
1607368608.2996893	-120763.0
1607368608.3939526	-120759.0
1607368608.4880161	-120777.0
1607368608.5822124	-120742.0
1607368608.676409	-120782.0
1607368608.7705529	-120796.0
1607368608.864754	-120809.0
1607368608.958967	-120799.0
1607368609.053115	-120772.0
1607368609.1472738	-120763.0
1607368609.2413688	-120772.0
1607368609.3355868	-120760.0
1607368609.4297879	-120756.0
1607368609.523926	-120748.0
1607368609.6181164	-120818.0
1607368609.712231	-120816.0
1607368609.8064086	-120799.0
1607368609.900696	-120826.0
1607368609.9948413	-120824.0
1607368610.0889323	-120804.0
1607368610.1832078	-120848.0
1607368610.2772675	-120841.0
1607368610.3714714	-120824.0
1607368610.465707	-120792.0
1607368610.5598123	-120785.0
1607368610.653987	-120783.0
1607368610.748195	-120780.0
1607368610.8392868	-120800.0
1607368610.9336135	-120825.0
1607368611.0277355	-120824.0
1607368611.1219742	-120841.0
1607368611.2161844	-120869.0
1607368611.3103716	-120873.0
1607368611.4046283	-120869.0
1607368611.4987764	-120869.0
1607368611.5930026	-120839.0
1607368611.6871872	-120827.0
1607368611.7813742	-120861.0
1607368611.8755705	-120870.0
1607368611.9697638	-120849.0
1607368612.0640166	-120868.0
1607368612.1581647	-120901.0
1607368612.2524412	-120884.0
1607368612.3465922	-120849.0
1607368612.4407573	-120930.0
1607368612.534996	-120903.0
1607368612.629183	-120821.0
1607368612.7234387	-120826.0
1607368612.817586	-120876.0
1607368612.9118216	-120849.0
1607368613.005953	-120884.0
1607368613.1001964	-120867.0
1607368613.1944077	-120859.0
1607368613.2885878	-120834.0
1607368613.3828619	-120870.0
1607368613.4768045	-120855.0
1607368613.5712297	-120858.0
1607368613.6654134	-120910.0
1607368613.759613	-120907.0
1607368613.8538547	-120877.0
1607368613.9480088	-120857.0
1607368614.0422122	-120874.0
1607368614.136246	-120829.0
1607368614.2304244	-120807.0
1607368614.3246207	-120829.0
1607368614.4188128	-120837.0
1607368614.5130808	-120861.0
1607368614.6070297	-120855.0
1607368614.7014604	-120854.0
1607368614.795624	-120907.0
1607368614.8898404	-120941.0
1607368614.9840345	-120880.0
1607368615.0782292	-120844.0
1607368615.1724403	-120831.0
1607368615.2666578	-120832.0
1607368615.360848	-120843.0
1607368615.4549794	-120880.0
1607368615.5491574	-120848.0
1607368615.6434114	-120832.0
1607368615.7375712	-120846.0
1607368615.831765	-120847.0
1607368615.925886	-120888.0
1607368616.0201497	-120844.0
1607368616.1143532	-120799.0
1607368616.208471	-120862.0
1607368616.3027213	-120874.0
1607368616.3968875	-120866.0
1607368616.4910169	-120862.0
1607368616.5851984	-120829.0
1607368616.6793106	-120820.0
1607368616.7735126	-120782.0
1607368616.867709	-120777.0
1607368616.961852	-120842.0
1607368617.0559976	-120786.0
1607368617.1502397	-120769.0
1607368617.2443814	-120816.0
1607368617.338557	-120754.0
1607368617.432816	-120790.0
1607368617.526912	-120798.0
1607368617.6210914	-120770.0
1607368617.7153068	-120839.0
1607368617.8094049	-120835.0
1607368617.903629	-120839.0
1607368617.9977357	-120867.0
1607368618.0919287	-120804.0
1607368618.186146	-120759.0
1607368618.2773204	-120802.0
1607368618.3715494	-120779.0
1607368618.465742	-120802.0
1607368618.559704	-120862.0
1607368618.6541822	-120901.0
1607368618.748353	-120863.0
1607368618.842583	-120843.0
1607368618.9367385	-120838.0
1607368619.0309522	-120859.0
1607368619.125141	-120877.0
1607368619.219365	-120873.0
1607368619.313607	-120885.0
1607368619.4077563	-120865.0
1607368619.5019612	-120862.0
1607368619.5961587	-120917.0
1607368619.6903658	-120880.0
1607368619.7845592	-120872.0
1607368619.878601	-120854.0
1607368619.972999	-120846.0
1607368620.0671654	-120899.0
1607368620.1613693	-120899.0
1607368620.2555377	-120893.0
1607368620.3497796	-120892.0
1607368620.4440184	-120883.0
1607368620.5381792	-120903.0
1607368620.6324275	-120878.0
1607368620.7265835	-120892.0
1607368620.8207567	-120925.0
1607368620.914978	-120950.0
1607368621.0093904	-120930.0
1607368621.1036253	-120887.0
1607368621.197417	-120882.0
1607368621.291398	-120921.0
1607368621.3860428	-120893.0
1607368621.4802194	-120862.0
1607368621.5744228	-120896.0
1607368621.6683679	-120880.0
1607368621.762634	-120920.0
1607368621.8567634	-120954.0
1607368621.9509652	-120913.0
1607368622.0451608	-120896.0
1607368622.1392932	-120954.0
1607368622.2335064	-120985.0
1607368622.3276768	-120945.0
1607368622.4218712	-120916.0
1607368622.5160227	-120950.0
1607368622.6101875	-120936.0
1607368622.7043183	-120905.0
1607368622.7985234	-120886.0
1607368622.892786	-120939.0
1607368622.9868405	-120952.0
1607368623.0810323	-120923.0
1607368623.1752384	-120892.0
1607368623.2693565	-120908.0
1607368623.3636265	-120927.0
1607368623.4577765	-120940.0
1607368623.551887	-120882.0
1607368623.6460965	-120883.0
1607368623.7402875	-120871.0
1607368623.8344166	-120898.0
1607368623.9286144	-120909.0
1607368624.0227208	-120938.0
1607368624.1168158	-120918.0
1607368624.211173	-120921.0
1607368624.305294	-120902.0
1607368624.3994842	-120876.0
1607368624.4936795	-120902.0
1607368624.5878792	-120902.0
1607368624.6821036	-120904.0
1607368624.7762098	-120850.0
1607368624.8704622	-120883.0
1607368624.9646273	-120898.0
1607368625.0588174	-120858.0
1607368625.1530597	-120825.0
1607368625.2472222	-120821.0
1607368625.3384123	-120862.0
1607368625.432414	-120836.0
1607368625.526791	-120799.0
1607368625.62079	-120859.0
1607368625.715218	-120954.0
1607368625.809183	-120927.0
1607368625.9036756	-120909.0
1607368625.9976077	-120867.0
1607368626.092012	-120830.0
1607368626.186206	-120831.0
1607368626.2804625	-120875.0
1607368626.3746772	-120855.0
1607368626.4686017	-120857.0
1607368626.563068	-120851.0
1607368626.6572108	-120876.0
1607368626.7514362	-120902.0
1607368626.845629	-120865.0
1607368626.9398339	-120872.0
1607368627.034086	-120858.0
1607368627.1282408	-120831.0
1607368627.2224503	-120879.0
1607368627.316676	-120875.0
1607368627.4108784	-120853.0
1607368627.5050445	-120824.0
1607368627.5990329	-120857.0
1607368627.6935172	-120866.0
1607368627.7876568	-120830.0
1607368627.8818734	-120838.0
1607368627.976064	-120883.0
1607368628.070266	-120869.0
1607368628.1644664	-120880.0
1607368628.2586672	-120901.0
1607368628.352971	-120881.0
1607368628.4470816	-120846.0
1607368628.5413027	-120815.0
1607368628.6354861	-120835.0
1607368628.7294672	-120799.0
1607368628.8238978	-120833.0
1607368628.9180639	-120906.0
1607368629.0123403	-120895.0
1607368629.1064827	-120881.0
1607368629.2006893	-120917.0
1607368629.2946641	-120897.0
1607368629.3888335	-120935.0
1607368629.4831052	-120929.0
1607368629.577052	-120895.0
1607368629.671449	-120968.0
1607368629.7655637	-120977.0
1607368629.8597796	-120895.0
1607368629.9537735	-120914.0
1607368630.0480938	-120918.0
1607368630.1423936	-120853.0
1607368630.236503	-120863.0
1607368630.3305979	-120903.0
1607368630.424842	-120930.0
1607368630.5190144	-120962.0
1607368630.6131945	-120949.0
1607368630.7073312	-120977.0
1607368630.8015463	-120958.0
1607368630.8957336	-120932.0
1607368630.9899554	-120955.0
1607368631.0839102	-120929.0
1607368631.1782725	-120950.0
1607368631.272477	-120989.0
1607368631.3665938	-120953.0
1607368631.4607816	-120922.0
1607368631.5549994	-120959.0
1607368631.6491847	-120920.0
1607368631.7434428	-120871.0
1607368631.8376043	-120891.0
1607368631.9317188	-120900.0
1607368632.0259235	-120894.0
1607368632.12012	-120885.0
1607368632.2143295	-120936.0
1607368632.308529	-120905.0
1607368632.4027846	-120918.0
1607368632.496935	-120967.0
1607368632.5911317	-120964.0
1607368632.685265	-120981.0
1607368632.7794561	-120952.0
1607368632.8736627	-120909.0
1607368632.967861	-120891.0
1607368633.0620675	-120902.0
1607368633.1562498	-120911.0
1607368633.250384	-120939.0
1607368633.3446367	-120915.0
1607368633.4387822	-120881.0
1607368633.5330431	-120899.0
1607368633.627083	-120906.0
1607368633.7214096	-120917.0
1607368633.8156054	-120914.0
1607368633.9097524	-120901.0
1607368634.003925	-120892.0
1607368634.0950992	-120895.0
1607368634.1892588	-120877.0
1607368634.283555	-120827.0
1607368634.3776896	-120843.0
1607368634.4718926	-120883.0
1607368634.5661092	-120866.0
1607368634.6603343	-120860.0
1607368634.7545183	-120840.0
1607368634.8485143	-120840.0
1607368634.9429731	-120811.0
1607368635.0369103	-120858.0
1607368635.1313317	-120849.0
1607368635.225315	-120775.0
1607368635.3197591	-120797.0
1607368635.4137545	-120820.0
1607368635.508128	-120831.0
1607368635.6024015	-120820.0
1607368635.6965623	-120856.0
1607368635.7907104	-120840.0
1607368635.884723	-120866.0
1607368635.9791489	-120849.0
1607368636.0733984	-120799.0
1607368636.1675503	-120859.0
1607368636.261758	-120882.0
1607368636.3559093	-120854.0
1607368636.4501579	-120837.0
1607368636.5443478	-120796.0
1607368636.6385567	-120795.0
1607368636.7328138	-120807.0
1607368636.827005	-120790.0
1607368636.9211688	-120781.0
1607368637.0153708	-120790.0
1607368637.1095722	-120787.0
1607368637.203589	-120830.0
1607368637.297988	-120832.0
1607368637.3921878	-120851.0
1607368637.4863908	-120858.0
1607368637.5805833	-120844.0
1607368637.6747823	-120798.0
1607368637.7689815	-120769.0
1607368637.8632624	-120788.0
1607368637.957151	-120817.0
1607368638.0513573	-120836.0
1607368638.1455622	-120818.0
1607368638.239748	-120764.0
1607368638.3337696	-120806.0
1607368638.428178	-120817.0
1607368638.5222654	-120825.0
1607368638.6164856	-120791.0
1607368638.710691	-120760.0
1607368638.804825	-120739.0
1607368638.898833	-120782.0
1607368638.9931784	-120783.0
1607368639.087333	-120748.0
1607368639.1815243	-120775.0
1607368639.2756672	-120821.0
1607368639.3698423	-120825.0
1607368639.4638312	-120835.0
1607368639.5581737	-120817.0
1607368639.6524289	-120789.0
1607368639.746499	-120766.0
1607368639.840705	-120778.0
1607368639.9349108	-120731.0
1607368640.029015	-120718.0
1607368640.123272	-120760.0
1607368640.2174199	-120767.0
1607368640.311692	-120716.0
1607368640.4057994	-120681.0
1607368640.5000298	-120742.0
1607368640.5942373	-120761.0
1607368640.6883495	-120746.0
1607368640.7826042	-120737.0
1607368640.8767624	-120743.0
1607368640.9709704	-120718.0
1607368641.0651686	-120715.0
1607368641.159362	-120738.0
1607368641.2534866	-120732.0
1607368641.3476973	-120715.0
1607368641.4419005	-120706.0
1607368641.536024	-120706.0
1607368641.6302028	-120718.0
1607368641.7244453	-120707.0
1607368641.8186553	-120682.0
1607368641.9098046	-120689.0
1607368642.0040429	-120675.0
1607368642.098194	-120687.0
1607368642.1924474	-120658.0
1607368642.286601	-120635.0
1607368642.380809	-120633.0
1607368642.4750197	-120688.0
1607368642.5692205	-120675.0
1607368642.6634693	-120652.0
1607368642.7576146	-120635.0
1607368642.8518028	-120626.0
1607368642.9460204	-120625.0
1607368643.03999	-120678.0
1607368643.134425	-120681.0
1607368643.2286184	-120731.0
1607368643.3228896	-120712.0
1607368643.4170258	-120673.0
1607368643.5112364	-120696.0
1607368643.6054099	-120669.0
1607368643.6996458	-120645.0
1607368643.7936645	-120661.0
1607368643.888048	-120702.0
1607368643.9820282	-120711.0
1607368644.076269	-120685.0
1607368644.1706517	-120644.0
1607368644.264638	-120601.0
1607368644.3590066	-120617.0
1607368644.4532511	-120645.0
1607368644.5473907	-120672.0
1607368644.6415792	-120717.0
1607368644.7358284	-120667.0
1607368644.8300006	-120652.0
1607368644.9242017	-120666.0
1607368645.018402	-120676.0
1607368645.1126468	-120652.0
1607368645.2067652	-120678.0
1607368645.30105	-120675.0
1607368645.3952148	-120662.0
1607368645.4893982	-120639.0
1607368645.5837839	-120647.0
1607368645.6775885	-120679.0
1607368645.7717938	-120647.0
1607368645.866025	-120692.0
1607368645.9602177	-120685.0
1607368646.054413	-120681.0
1607368646.1485188	-120674.0
1607368646.242783	-120672.0
1607368646.3369384	-120635.0
1607368646.4311376	-120663.0
1607368646.5252657	-120669.0
1607368646.619457	-120667.0
1607368646.7137074	-120663.0
1607368646.8078823	-120667.0
1607368646.9021072	-120679.0
1607368646.9962897	-120673.0
1607368647.090461	-120651.0
1607368647.184602	-120648.0
1607368647.2788234	-120668.0
1607368647.3730345	-120657.0
1607368647.4671996	-120646.0
1607368647.5614052	-120619.0
1607368647.655489	-120633.0
1607368647.749738	-120652.0
1607368647.8439255	-120662.0
1607368647.9381316	-120678.0
1607368648.0322473	-120667.0
1607368648.1264658	-120640.0
1607368648.2206492	-120630.0
1607368648.3147752	-120637.0
1607368648.4089725	-120656.0
1607368648.5031252	-120651.0
1607368648.597283	-120662.0
1607368648.6914945	-120681.0
1607368648.7856817	-120667.0
1607368648.8798168	-120679.0
1607368648.9740608	-120678.0
1607368649.068153	-120660.0
1607368649.1623943	-120658.0
1607368649.2565486	-120643.0
1607368649.3506656	-120648.0
1607368649.444868	-120699.0
1607368649.5390334	-120630.0
1607368649.6332815	-120631.0
1607368649.7274725	-120672.0
1607368649.8186293	-120687.0
1607368649.9128811	-120691.0
1607368650.0069947	-120647.0
1607368650.1012182	-120651.0
1607368650.1954167	-120673.0
1607368650.2896812	-120667.0
1607368650.3838592	-120667.0
1607368650.4780357	-120628.0
1607368650.5721872	-120625.0
1607368650.6664379	-120657.0
1607368650.760626	-120652.0
1607368650.854844	-120628.0
1607368650.9490533	-120696.0
1607368651.0432804	-120690.0
1607368651.1374362	-120641.0
1607368651.231668	-120664.0
1607368651.3258498	-120626.0
1607368651.4200823	-120623.0
1607368651.5142689	-120652.0
1607368651.6084647	-120696.0
1607368651.7026865	-120675.0
1607368651.7968812	-120625.0
1607368651.8910885	-120607.0
1607368651.9853399	-120561.0
1607368652.079545	-120574.0
1607368652.1737552	-120594.0
1607368652.2679057	-120624.0
1607368652.3620887	-120632.0
1607368652.4563525	-120626.0
1607368652.5505488	-120597.0
1607368652.644751	-120591.0
1607368652.7388976	-120634.0
1607368652.8332038	-120641.0
1607368652.927357	-120610.0
1607368653.0215716	-120566.0
1607368653.1157503	-120584.0
1607368653.2099478	-120642.0
1607368653.3039258	-120665.0
1607368653.3981328	-120633.0
1607368653.4923832	-120627.0
1607368653.586552	-120578.0
1607368653.6807222	-120563.0
1607368653.7748854	-120580.0
1607368653.869055	-120587.0
1607368653.9632087	-120583.0
1607368654.057371	-120581.0
1607368654.1515684	-120552.0
1607368654.245701	-120559.0
1607368654.3399317	-120556.0
1607368654.4340932	-120551.0
1607368654.528226	-120567.0
1607368654.622422	-120604.0
1607368654.7166314	-120600.0
1607368654.810743	-120564.0
1607368654.9049702	-120537.0
1607368654.9991474	-120564.0
1607368655.0934095	-120524.0
1607368655.1874866	-120526.0
1607368655.281708	-120566.0
1607368655.3758776	-120541.0
1607368655.4700794	-120546.0
1607368655.5642931	-120533.0
1607368655.6584935	-120543.0
1607368655.7527366	-120517.0
1607368655.8468168	-120510.0
1607368655.9410145	-120545.0
1607368656.0352204	-120555.0
1607368656.1294181	-120540.0
1607368656.2236152	-120529.0
1607368656.3177447	-120555.0
1607368656.411934	-120579.0
1607368656.5060337	-120553.0
1607368656.600259	-120557.0
1607368656.6944745	-120518.0
1607368656.788578	-120498.0
1607368656.8828335	-120491.0
1607368656.9770045	-120531.0
1607368657.0679302	-120544.0
1607368657.1624165	-120527.0
1607368657.2565722	-120528.0
1607368657.3507552	-120535.0
1607368657.4449787	-120522.0
1607368657.5391352	-120514.0
1607368657.6334198	-120520.0
1607368657.7275813	-120532.0
1607368657.8217661	-120543.0
1607368657.9159765	-120541.0
1607368658.0101829	-120565.0
1607368658.104412	-120564.0
1607368658.198589	-120591.0
1607368658.2926188	-120597.0
1607368658.3869836	-120624.0
1607368658.4811869	-120594.0
1607368658.575417	-120525.0
1607368658.6695924	-120584.0
1607368658.7639077	-120591.0
1607368658.857997	-120548.0
1607368658.9522076	-120555.0
1607368659.046399	-120574.0
1607368659.1405923	-120553.0
1607368659.234815	-120563.0
1607368659.329023	-120552.0
1607368659.4230542	-120561.0
1607368659.5174205	-120573.0
1607368659.6116097	-120625.0
1607368659.70579	-120602.0
1607368659.8000157	-120568.0
1607368659.8942244	-120581.0
1607368659.9884353	-120582.0
1607368660.0827117	-120610.0
1607368660.1768281	-120653.0
1607368660.2710562	-120629.0
1607368660.3652563	-120578.0
1607368660.4594562	-120568.0
1607368660.5536785	-120596.0
1607368660.6476192	-120575.0
1607368660.742062	-120577.0
1607368660.8362532	-120592.0
1607368660.9304543	-120574.0
1607368661.0246649	-120520.0
1607368661.118864	-120539.0
1607368661.213103	-120581.0
1607368661.3070254	-120550.0
1607368661.4012387	-120551.0
1607368661.495439	-120535.0
1607368661.5896485	-120514.0
1607368661.6838155	-120506.0
1607368661.77794	-120527.0
1607368661.872108	-120539.0
1607368661.9662802	-120543.0
1607368662.0604856	-120567.0
1607368662.1546066	-120558.0
1607368662.248691	-120575.0
1607368662.3430543	-120529.0
1607368662.4371283	-120515.0
1607368662.5313354	-120567.0
1607368662.6252964	-120553.0
1607368662.7196503	-120598.0
1607368662.8138504	-120574.0
1607368662.90797	-120568.0
1607368663.002187	-120599.0
1607368663.09638	-120616.0
1607368663.1904967	-120589.0
1607368663.284694	-120549.0
1607368663.37891	-120541.0
1607368663.4730666	-120503.0
1607368663.567237	-120588.0
1607368663.6613433	-120610.0
1607368663.7555325	-120592.0
1607368663.8497505	-120599.0
1607368663.943853	-120637.0
1607368664.0379682	-120625.0
1607368664.132268	-120586.0
1607368664.2234817	-120586.0
1607368664.3176477	-120578.0
1607368664.4118485	-120569.0
1607368664.5060349	-120566.0
1607368664.6002574	-120586.0
1607368664.6944404	-120556.0
1607368664.788623	-120550.0
1607368664.8829124	-120600.0
1607368664.9770675	-120617.0
1607368665.0710466	-120608.0
1607368665.1654675	-120603.0
1607368665.2597213	-120592.0
1607368665.3539205	-120554.0
1607368665.448079	-120598.0
1607368665.5423315	-120570.0
1607368665.6365018	-120521.0
1607368665.730682	-120494.0
1607368665.8248806	-120526.0
1607368665.9190807	-120602.0
1607368666.013371	-120551.0
1607368666.1075053	-120528.0
1607368666.2014685	-120571.0
1607368666.2959034	-120567.0
1607368666.3900943	-120501.0
1607368666.4843082	-120501.0
1607368666.5785117	-120541.0
1607368666.672742	-120558.0
1607368666.7669044	-120573.0
1607368666.8611033	-120559.0
1607368666.9552715	-120545.0
1607368667.0495093	-120549.0
1607368667.1437528	-120538.0
1607368667.2379694	-120538.0
1607368667.3321202	-120580.0
1607368667.4261084	-120565.0
1607368667.5203254	-120572.0
1607368667.6147494	-120564.0
1607368667.7087023	-120556.0
1607368667.80295	-120565.0
1607368667.8971033	-120545.0
1607368667.9912996	-120564.0
1607368668.0855055	-120568.0
1607368668.1797183	-120566.0
1607368668.273903	-120551.0
1607368668.3681107	-120517.0
1607368668.462454	-120503.0
1607368668.556515	-120494.0
1607368668.650714	-120511.0
1607368668.7449265	-120509.0
1607368668.839081	-120561.0
1607368668.933366	-120606.0
1607368669.0275073	-120609.0
1607368669.1216407	-120625.0
1607368669.2158613	-120597.0
1607368669.3100433	-120535.0
1607368669.4042451	-120492.0
1607368669.49844	-120523.0
1607368669.5926983	-120569.0
1607368669.686843	-120588.0
1607368669.7809765	-120556.0
1607368669.8751805	-120580.0
1607368669.9693797	-120587.0
1607368670.0635347	-120537.0
1607368670.1576953	-120573.0
1607368670.2518976	-120568.0
1607368670.3460357	-120566.0
1607368670.4402292	-120577.0
1607368670.5344236	-120612.0
1607368670.6285458	-120612.0
1607368670.7228463	-120592.0
1607368670.816952	-120620.0
1607368670.9110842	-120599.0
1607368671.0052407	-120641.0
1607368671.0994828	-120668.0
1607368671.1936011	-120672.0
1607368671.2876914	-120676.0
1607368671.3820086	-120663.0
1607368671.4761279	-120649.0
1607368671.5703387	-120676.0
1607368671.6645374	-120658.0
1607368671.758676	-120676.0
1607368671.852904	-120660.0
1607368671.946973	-120654.0
1607368672.0411704	-120681.0
1607368672.1324081	-120633.0
1607368672.226556	-120643.0
1607368672.3205254	-120693.0
1607368672.414943	-120690.0
1607368672.5091422	-120684.0
1607368672.6033893	-120696.0
1607368672.697557	-120661.0
1607368672.791757	-120677.0
1607368672.8859417	-120637.0
1607368672.9801533	-120616.0
1607368673.0743659	-120619.0
1607368673.1685581	-120638.0
1607368673.2628186	-120682.0
1607368673.356718	-120687.0
1607368673.4511788	-120734.0
1607368673.5453882	-120764.0
1607368673.6395643	-120708.0
1607368673.7338443	-120685.0
1607368673.8279757	-120694.0
1607368673.922148	-120701.0
1607368674.0161817	-120714.0
1607368674.1106098	-120747.0
1607368674.2048547	-120755.0
1607368674.2987795	-120722.0
1607368674.3930233	-120742.0
1607368674.4874141	-120779.0
1607368674.5816069	-120745.0
1607368674.6758156	-120761.0
1607368674.7700155	-120780.0
1607368674.8642225	-120772.0
1607368674.958418	-120732.0
1607368675.0526752	-120732.0
1607368675.1465788	-120723.0
1607368675.2407775	-120733.0
1607368675.3349774	-120711.0
1607368675.4291694	-120729.0
1607368675.5231493	-120789.0
1607368675.6175096	-120798.0
1607368675.7117531	-120757.0
1607368675.8058107	-120746.0
1607368675.9000392	-120758.0
1607368675.9941506	-120775.0
1607368676.0883348	-120799.0
1607368676.1825178	-120773.0
1607368676.2766695	-120801.0
1607368676.3708818	-120811.0
1607368676.4649994	-120814.0
1607368676.5591857	-120800.0
1607368676.6533682	-120851.0
1607368676.7473896	-120854.0
1607368676.8417222	-120836.0
1607368676.9358556	-120842.0
1607368677.0300384	-120836.0
1607368677.124177	-120845.0
1607368677.2184165	-120866.0
1607368677.3125262	-120917.0
1607368677.4067018	-120942.0
1607368677.5008965	-120911.0
1607368677.5950246	-120935.0
1607368677.6891835	-120951.0
1607368677.7803812	-120959.0
1607368677.8743649	-120916.0
1607368677.9687946	-120900.0
1607368678.0630596	-120972.0
1607368678.1571867	-121006.0
1607368678.251389	-120932.0
1607368678.345603	-120981.0
1607368678.439788	-121028.0
1607368678.533824	-121034.0
1607368678.6282089	-121013.0
1607368678.7225065	-121015.0
1607368678.8166225	-121031.0
1607368678.9107995	-121027.0
1607368679.0047984	-121003.0
1607368679.0992064	-121015.0
1607368679.1934545	-121002.0
1607368679.2876172	-120983.0
1607368679.3818269	-120992.0
1607368679.4760318	-121014.0
1607368679.5702374	-120974.0
1607368679.6644418	-120975.0
1607368679.7586427	-120994.0
1607368679.852902	-120997.0
1607368679.9470425	-120999.0
1607368680.04123	-121025.0
1607368680.1352143	-121046.0
1607368680.2296617	-120946.0
1607368680.3238904	-120951.0
1607368680.4180377	-120998.0
1607368680.5122435	-120994.0
1607368680.6062472	-120998.0
1607368680.7006743	-120997.0
1607368680.79466	-120990.0
1607368680.8887765	-120953.0
1607368680.9830837	-120971.0
1607368681.077234	-120979.0
1607368681.1712148	-120994.0
1607368681.2655401	-120990.0
1607368681.359756	-120927.0
1607368681.453952	-120924.0
1607368681.548047	-120940.0
1607368681.642271	-120901.0
1607368681.7363837	-120931.0
1607368681.8305757	-120923.0
1607368681.9247963	-120916.0
1607368682.0190146	-120896.0
1607368682.1132529	-120863.0
1607368682.207367	-120894.0
1607368682.301522	-120901.0
1607368682.3957314	-120906.0
1607368682.489776	-120920.0
1607368682.5841377	-120902.0
1607368682.6781702	-120897.0
1607368682.7725987	-120883.0
1607368682.8665006	-120866.0
1607368682.960861	-120872.0
1607368683.054919	-120873.0
1607368683.14928	-120858.0
1607368683.24351	-120854.0
1607368683.3376558	-120847.0
1607368683.4316418	-120852.0
1607368683.5259697	-120894.0
1607368683.620088	-120904.0
1607368683.7143214	-120849.0
1607368683.8084831	-120883.0
1607368683.9026568	-120850.0
1607368683.9968367	-120836.0
1607368684.0910485	-120852.0
1607368684.185133	-120852.0
1607368684.2793245	-120848.0
1607368684.3735511	-120840.0
1607368684.467647	-120837.0
1607368684.5618603	-120817.0
1607368684.6530433	-120863.0
1607368684.7472441	-120832.0
1607368684.841437	-120793.0
1607368684.935628	-120854.0
1607368685.029834	-120829.0
1607368685.1240697	-120848.0
1607368685.2182782	-120842.0
1607368685.312495	-120788.0
1607368685.4066136	-120828.0
1607368685.500832	-120852.0
1607368685.5950344	-120819.0
1607368685.6892192	-120782.0
1607368685.7834966	-120751.0
1607368685.8776517	-120776.0
1607368685.971815	-120819.0
1607368686.0660734	-120777.0
1607368686.1602619	-120786.0
1607368686.254451	-120841.0
1607368686.34866	-120817.0
1607368686.4429154	-120762.0
1607368686.5370667	-120772.0
1607368686.6312592	-120821.0
1607368686.7254739	-120809.0
1607368686.8196669	-120791.0
1607368686.9139075	-120831.0
1607368687.0080724	-120828.0
1607368687.1023743	-120801.0
1607368687.1965566	-120747.0
1607368687.2906904	-120761.0
1607368687.3848894	-120753.0
1607368687.4790947	-120773.0
1607368687.573308	-120754.0
1607368687.6674829	-120763.0
1607368687.7617402	-120807.0
1607368687.8559277	-120808.0
1607368687.9501607	-120818.0
1607368688.0443351	-120832.0
1607368688.138527	-120839.0
1607368688.2328026	-120769.0
1607368688.326978	-120761.0
1607368688.4211094	-120791.0
1607368688.5153096	-120871.0
1607368688.6094913	-120891.0
1607368688.7037451	-120848.0
1607368688.797683	-120828.0
1607368688.8918824	-120876.0
1607368688.986095	-120886.0
1607368689.08029	-120900.0
1607368689.1744967	-120914.0
1607368689.2686198	-120889.0
1607368689.36285	-120903.0
1607368689.4570239	-120901.0
1607368689.5512223	-120865.0
1607368689.6451817	-120867.0
1607368689.739535	-120882.0
1607368689.8337786	-120870.0
1607368689.9279435	-120885.0
1607368690.0220106	-120870.0
1607368690.1163085	-120899.0
1607368690.2104805	-120921.0
1607368690.304681	-120907.0
1607368690.3988724	-120920.0
1607368690.4931276	-120907.0
1607368690.5873077	-120877.0
1607368690.6815205	-120876.0
1607368690.7755988	-120885.0
1607368690.8697996	-120876.0
1607368690.9640062	-120857.0
1607368691.0582044	-120817.0
1607368691.1524408	-120849.0
1607368691.2466147	-120864.0
1607368691.34073	-120862.0
1607368691.4349523	-120866.0
1607368691.5291274	-120846.0
1607368691.623391	-120764.0
1607368691.717435	-120799.0
1607368691.8116436	-120808.0
1607368691.9058237	-120832.0
1607368691.999993	-120856.0
1607368692.0941834	-120856.0
1607368692.1883786	-120838.0
1607368692.282594	-120842.0
1607368692.3767502	-120843.0
1607368692.470948	-120816.0
1607368692.5650368	-120765.0
1607368692.6592488	-120772.0
1607368692.7534559	-120789.0
1607368692.8475735	-120737.0
1607368692.9417982	-120762.0
1607368693.03598	-120820.0
1607368693.12712	-120781.0
1607368693.221313	-120746.0
1607368693.3155243	-120783.0
1607368693.4097297	-120817.0
1607368693.5039763	-120832.0
1607368693.5981085	-120775.0
1607368693.6923988	-120747.0
1607368693.7865074	-120780.0
1607368693.8807282	-120793.0
1607368693.9749274	-120766.0
1607368694.069134	-120774.0
1607368694.1634517	-120776.0
1607368694.2575364	-120764.0
1607368694.351749	-120709.0
1607368694.445931	-120742.0
1607368694.540114	-120790.0
1607368694.6343527	-120760.0
1607368694.7285502	-120711.0
1607368694.822846	-120780.0
1607368694.9169526	-120792.0
1607368695.011144	-120746.0
1607368695.10532	-120729.0
1607368695.199544	-120741.0
1607368695.2938044	-120755.0
1607368695.387969	-120756.0
1607368695.4822085	-120774.0
1607368695.576355	-120825.0
1607368695.670606	-120796.0
1607368695.764771	-120749.0
1607368695.8589861	-120749.0
1607368695.9532256	-120747.0
1607368696.0472233	-120790.0
1607368696.141373	-120781.0
1607368696.2356164	-120793.0
1607368696.3297696	-120783.0
1607368696.4239068	-120813.0
1607368696.5180936	-120818.0
1607368696.6123614	-120826.0
1607368696.7064142	-120832.0
1607368696.8006105	-120822.0
1607368696.8945713	-120818.0
1607368696.9889364	-120890.0
1607368697.0831091	-120853.0
1607368697.1773047	-120839.0
1607368697.2714558	-120845.0
1607368697.3656116	-120869.0
1607368697.459787	-120852.0
1607368697.5539362	-120820.0
1607368697.648113	-120819.0
1607368697.7423742	-120816.0
1607368697.836436	-120861.0
1607368697.9306498	-120912.0
1607368698.024778	-120943.0
1607368698.1189861	-120944.0
1607368698.2132142	-120872.0
1607368698.3073099	-120865.0
1607368698.4014814	-120888.0
1607368698.4956932	-120869.0
1607368698.589814	-120887.0
1607368698.6840434	-120870.0
1607368698.778219	-120899.0
1607368698.8693454	-120939.0
1607368698.9636645	-120872.0
1607368699.0577602	-120844.0
1607368699.151943	-120881.0
1607368699.2461467	-120865.0
1607368699.3403618	-120878.0
1607368699.4345715	-120902.0
1607368699.528754	-120904.0
1607368699.623	-120930.0
1607368699.71717	-120936.0
1607368699.8113692	-120905.0
1607368699.9055421	-120912.0
1607368699.9997694	-120877.0
1607368700.0940483	-120917.0
1607368700.188173	-120928.0
1607368700.2824395	-120887.0
1607368700.3765898	-120855.0
1607368700.4707792	-120874.0
1607368700.5650115	-120889.0
1607368700.6591945	-120871.0
1607368700.753433	-120890.0
1607368700.8476074	-120864.0
1607368700.9417944	-120854.0
1607368701.0359962	-120906.0
1607368701.1302073	-120923.0
1607368701.2244081	-120891.0
1607368701.3186324	-120870.0
1607368701.4128997	-120871.0
1607368701.507005	-120850.0
1607368701.6012125	-120816.0
1607368701.6954238	-120829.0
1607368701.7896087	-120845.0
1607368701.8838596	-120861.0
1607368701.9780288	-120848.0
1607368702.0721986	-120830.0
1607368702.1662524	-120830.0
1607368702.2604282	-120843.0
1607368702.3546345	-120845.0
1607368702.4487445	-120810.0
1607368702.5430033	-120852.0
1607368702.6371486	-120856.0
1607368702.7310982	-120794.0
1607368702.8254821	-120819.0
1607368702.919671	-120845.0
1607368703.013813	-120805.0
1607368703.1080124	-120832.0
1607368703.2021856	-120844.0
1607368703.296402	-120821.0
1607368703.390611	-120818.0
1607368703.484734	-120825.0
1607368703.5789216	-120833.0
1607368703.673187	-120879.0
1607368703.767342	-120830.0
1607368703.861553	-120814.0
1607368703.955629	-120828.0
1607368704.0498688	-120830.0
1607368704.1440728	-120808.0
1607368704.2381701	-120772.0
1607368704.3324265	-120773.0
1607368704.4264987	-120796.0
1607368704.5207052	-120800.0
1607368704.614849	-120817.0
1607368704.7090154	-120853.0
1607368704.803284	-120781.0
1607368704.897358	-120749.0
1607368704.991567	-120808.0
1607368705.0856864	-120821.0
1607368705.179887	-120786.0
1607368705.2710102	-120787.0
1607368705.3650048	-120820.0
1607368705.4594233	-120823.0
1607368705.5536623	-120820.0
1607368705.64781	-120783.0
1607368705.742017	-120770.0
1607368705.8362267	-120786.0
1607368705.9304264	-120796.0
1607368706.0246246	-120797.0
1607368706.1188262	-120814.0
1607368706.2131152	-120751.0
1607368706.307253	-120762.0
1607368706.4014273	-120795.0
1607368706.495643	-120765.0
1607368706.589814	-120761.0
1607368706.6840649	-120851.0
1607368706.7782543	-120886.0
1607368706.8724952	-120822.0
1607368706.9666567	-120782.0
1607368707.06085	-120780.0
1607368707.1550603	-120759.0
1607368707.2492752	-120783.0
1607368707.3435419	-120802.0
1607368707.437656	-120769.0
1607368707.5318623	-120794.0
1607368707.6260624	-120804.0
1607368707.720286	-120795.0
1607368707.8144789	-120739.0
1607368707.908667	-120629.0
1607368708.0027266	-120841.0
1607368708.096892	-120893.0
1607368708.1910863	-120803.0
1607368708.2851987	-120821.0
1607368708.379386	-120839.0
1607368708.4736862	-120826.0
1607368708.5677447	-120850.0
1607368708.6619802	-120813.0
1607368708.7560782	-120792.0
1607368708.8502843	-120736.0
1607368708.9442985	-120703.0
1607368709.038567	-120734.0
1607368709.1328504	-120806.0
1607368709.2270072	-120831.0
1607368709.3212037	-120747.0
1607368709.4153361	-120814.0
1607368709.5095134	-120835.0
1607368709.6037352	-120770.0
1607368709.6979132	-120687.0
1607368709.7921252	-120865.0
1607368709.8862548	-120863.0
1607368709.9804587	-120792.0
1607368710.074581	-120840.0
1607368710.1686573	-120859.0
1607368710.2629488	-120835.0
1607368710.3571055	-120778.0
1607368710.4513059	-120796.0
1607368710.5454278	-120818.0
1607368710.6396458	-120819.0
1607368710.7338293	-120815.0
1607368710.8279412	-120760.0
1607368710.9221008	-120745.0
1607368711.0133631	-120792.0
1607368711.1075072	-120841.0
1607368711.2017245	-120860.0
1607368711.2959192	-120863.0
1607368711.3901045	-120853.0
1607368711.484328	-120855.0
1607368711.5785255	-120873.0
1607368711.6728072	-120916.0
1607368711.7669404	-120891.0
1607368711.8611174	-120880.0
1607368711.9553096	-120875.0
1607368712.0495424	-120855.0
1607368712.143824	-120704.0
1607368712.2379515	-120873.0
1607368712.3321586	-120900.0
1607368712.4263587	-120823.0
1607368712.5205479	-120864.0
1607368712.6147628	-120859.0
1607368712.7089388	-120859.0
1607368712.8031924	-120813.0
1607368712.8973591	-120873.0
1607368712.9915595	-120934.0
1607368713.08576	-120881.0
1607368713.1799648	-120843.0
1607368713.274187	-120886.0
1607368713.3683703	-120921.0
1607368713.462631	-120944.0
1607368713.5565283	-120946.0
1607368713.6510122	-120957.0
1607368713.7451897	-120893.0
1607368713.8391545	-120909.0
1607368713.9333959	-120961.0
1607368714.0275586	-120905.0
1607368714.1216276	-120876.0
1607368714.2158737	-120855.0
1607368714.310074	-120903.0
1607368714.4041944	-120925.0
1607368714.498201	-120886.0
1607368714.5924	-120915.0
1607368714.6867266	-120886.0
1607368714.780858	-120845.0
1607368714.8750474	-120860.0
1607368714.9691658	-120864.0
1607368715.063431	-120895.0
1607368715.1576133	-120868.0
1607368715.251697	-120842.0
1607368715.3458943	-120876.0
1607368715.4400184	-120867.0
1607368715.5342124	-120862.0
1607368715.6284177	-120885.0
1607368715.722471	-120876.0
1607368715.816742	-120872.0
1607368715.9108589	-120852.0
1607368716.0050185	-120882.0
1607368716.0992885	-120898.0
1607368716.193389	-120895.0
1607368716.2875817	-120867.0
1607368716.3787594	-120887.0
1607368716.4729805	-120913.0
1607368716.567164	-120972.0
1607368716.6613941	-120948.0
1607368716.7553117	-120923.0
1607368716.849754	-120948.0
1607368716.944008	-120893.0
1607368717.0381413	-120889.0
1607368717.1324177	-120863.0
1607368717.2265904	-120871.0
1607368717.3207676	-120871.0
1607368717.4149692	-120910.0
1607368717.5091717	-120862.0
1607368717.6034257	-120851.0
1607368717.697361	-120863.0
1607368717.7917876	-120829.0
1607368717.8857822	-120887.0
1607368717.980209	-120914.0
1607368718.0741963	-120937.0
1607368718.1686404	-120864.0
1607368718.2628708	-120811.0
1607368718.3570263	-120806.0
1607368718.4512033	-120843.0
1607368718.5454	-120884.0
1607368718.6394181	-120867.0
1607368718.733925	-120864.0
1607368718.8280303	-120863.0
1607368718.9222102	-120841.0
1607368719.0164242	-120858.0
1607368719.1106296	-120897.0
1607368719.2048135	-120865.0
1607368719.299032	-120864.0
1607368719.3932884	-120878.0
1607368719.487438	-120848.0
1607368719.581419	-120854.0
1607368719.6758533	-120843.0
1607368719.7698	-120853.0
1607368719.8640206	-120811.0
1607368719.9582272	-120847.0
1607368720.0523696	-120826.0
1607368720.146566	-120822.0
1607368720.240727	-120861.0
1607368720.33485	-120842.0
1607368720.4290516	-120865.0
1607368720.523213	-120848.0
1607368720.61721	-120859.0
1607368720.711515	-120848.0
1607368720.8056846	-120870.0
1607368720.8999085	-120851.0
1607368720.9940183	-120836.0
1607368721.0882013	-120899.0
1607368721.1824632	-120903.0
1607368721.276549	-120863.0
1607368721.3707583	-120860.0
1607368721.464965	-120877.0
1607368721.559148	-120890.0
1607368721.6534262	-120839.0
1607368721.7473326	-120856.0
1607368721.8416698	-120887.0
1607368721.9358757	-120886.0
1607368722.0300813	-120877.0
1607368722.1242259	-120856.0
1607368722.2184284	-120839.0
1607368722.3125863	-120878.0
1607368722.4067292	-120899.0
1607368722.5008514	-120930.0
1607368722.595065	-120948.0
1607368722.6862283	-120898.0
1607368722.7802002	-120858.0
1607368722.874633	-120906.0
1607368722.9688315	-120898.0
1607368723.0630603	-120925.0
1607368723.1572676	-120925.0
1607368723.2514386	-120935.0
1607368723.3456302	-120863.0
1607368723.439802	-120879.0
1607368723.5340867	-120891.0
1607368723.6282527	-120909.0
1607368723.7225266	-120921.0
1607368723.816635	-120893.0
1607368723.910845	-120866.0
1607368724.0050519	-120940.0
1607368724.0990663	-120923.0
1607368724.1932962	-120904.0
1607368724.287458	-120890.0
1607368724.3816502	-120899.0
1607368724.4760704	-120896.0
1607368724.5702853	-120893.0
1607368724.6644747	-120893.0
1607368724.7586846	-120870.0
1607368724.8529313	-120827.0
1607368724.9470794	-120843.0
1607368725.0412652	-120923.0
1607368725.1355126	-120908.0
1607368725.2296863	-120885.0
1607368725.3239355	-120891.0
1607368725.4180822	-120894.0
1607368725.5123408	-120862.0
1607368725.6062338	-120849.0
1607368725.7007043	-120852.0
1607368725.7946434	-120884.0
1607368725.88885	-120851.0
1607368725.983157	-120876.0
1607368726.0770743	-120863.0
1607368726.1714387	-120829.0
1607368726.2653985	-120864.0
1607368726.3597875	-120881.0
1607368726.454008	-120864.0
1607368726.5479918	-120819.0
1607368726.6421483	-120820.0
1607368726.7363398	-120837.0
1607368726.8306382	-120873.0
1607368726.9248538	-120864.0
1607368727.0189624	-120839.0
1607368727.113204	-120834.0
1607368727.2072866	-120851.0
1607368727.3014686	-120859.0
1607368727.3956847	-120856.0
1607368727.489798	-120793.0
1607368727.5840085	-120827.0
1607368727.6781397	-120862.0
1607368727.7723558	-120800.0
1607368727.866452	-120811.0
1607368727.9605362	-120796.0
1607368728.0547044	-120816.0
1607368728.1490014	-120832.0
1607368728.2432175	-120792.0
1607368728.3373034	-120776.0
1607368728.4314916	-120795.0
1607368728.5227253	-120748.0
1607368728.6168718	-120755.0
1607368728.7110705	-120770.0
1607368728.8052547	-120803.0
1607368728.899484	-120765.0
1607368728.9937263	-120747.0
1607368729.0878618	-120778.0
1607368729.1818626	-120788.0
1607368729.2762897	-120780.0
1607368729.3704937	-120784.0
1607368729.4646897	-120781.0
1607368729.5588777	-120768.0
1607368729.6531615	-120789.0
1607368729.7470884	-120807.0
1607368729.8415077	-120823.0
1607368729.935489	-120815.0
1607368730.0296998	-120792.0
1607368730.1241846	-120787.0
1607368730.2181113	-120797.0
1607368730.312344	-120778.0
1607368730.406703	-120780.0
1607368730.5009248	-120837.0
1607368730.5951097	-120855.0
1607368730.689305	-120827.0
1607368730.783572	-120808.0
1607368730.8777246	-120798.0
1607368730.9719074	-120827.0
1607368731.066133	-120838.0
1607368731.1603494	-120808.0
1607368731.2545066	-120818.0
1607368731.3485224	-120807.0
1607368731.4427683	-120772.0
1607368731.5368993	-120840.0
1607368731.6311545	-120865.0
1607368731.7253113	-120862.0
1607368731.8194277	-120874.0
1607368731.9136755	-120861.0
1607368732.0077474	-120827.0
1607368732.1019423	-120848.0
1607368732.1960723	-120795.0
1607368732.2902787	-120806.0
1607368732.3844702	-120826.0
1607368732.4784305	-120837.0
1607368732.5728488	-120843.0
1607368732.6667666	-120776.0
1607368732.7611198	-120783.0
1607368732.855291	-120846.0
1607368732.9494534	-120862.0
1607368733.043662	-120843.0
1607368733.1378088	-120869.0
1607368733.2319605	-120885.0
1607368733.3260925	-120851.0
1607368733.4202864	-120795.0
1607368733.5144167	-120831.0
1607368733.6086075	-120872.0
1607368733.7028713	-120825.0
1607368733.7969456	-120802.0
1607368733.891126	-120837.0
1607368733.9825664	-120857.0
1607368734.0763078	-120861.0
1607368734.1707218	-120864.0
1607368734.264718	-120858.0
1607368734.3591332	-120808.0
1607368734.4534075	-120847.0
1607368734.5475416	-120842.0
1607368734.641761	-120793.0
1607368734.7359207	-120778.0
1607368734.8299177	-120780.0
1607368734.9243279	-120773.0
1607368735.0185368	-120800.0
1607368735.1127868	-120835.0
1607368735.2067292	-120809.0
1607368735.301153	-120816.0
1607368735.395131	-120836.0
1607368735.4895256	-120799.0
1607368735.5835772	-120825.0
1607368735.6777692	-120848.0
1607368735.7721467	-120840.0
1607368735.8661463	-120856.0
1607368735.9605708	-120855.0
1607368736.0547397	-120912.0
1607368736.1489816	-120936.0
1607368736.2432296	-120865.0
1607368736.3373785	-120869.0
1607368736.431584	-120928.0
1607368736.5257761	-120910.0
1607368736.6200273	-120875.0
1607368736.7141848	-120898.0
1607368736.8081536	-120910.0
1607368736.9023945	-120858.0
1607368736.9965484	-120886.0
1607368737.0907426	-120976.0
1607368737.1846957	-120948.0
1607368737.2790802	-120908.0
1607368737.3730419	-120926.0
1607368737.467393	-120867.0
1607368737.5615985	-120884.0
1607368737.6557078	-120923.0
1607368737.7499163	-120883.0
1607368737.8441088	-120840.0
1607368737.938198	-120857.0
1607368738.0324914	-120875.0
1607368738.1266148	-120922.0
1607368738.2207599	-120921.0
1607368738.3149543	-120886.0
1607368738.40908	-120940.0
1607368738.5034037	-120901.0
1607368738.5972712	-120908.0
1607368738.691611	-120914.0
1607368738.7857382	-120924.0
1607368738.8799407	-120914.0
1607368738.9741364	-120896.0
1607368739.068281	-120908.0
1607368739.1625166	-120969.0
1607368739.2565699	-120955.0
1607368739.350775	-120927.0
1607368739.4449728	-120881.0
1607368739.536146	-120864.0
1607368739.6301408	-120866.0
1607368739.7245483	-120924.0
1607368739.818764	-120920.0
1607368739.913006	-120920.0
1607368740.0071537	-120867.0
1607368740.1013656	-120826.0
1607368740.195559	-120833.0
1607368740.2897408	-120871.0
1607368740.3840113	-120897.0
1607368740.4781647	-120907.0
1607368740.5724297	-120912.0
1607368740.6665792	-120886.0
1607368740.760778	-120828.0
1607368740.8549435	-120820.0
1607368740.9491827	-120840.0
1607368741.0434237	-120865.0
1607368741.1373954	-120900.0
1607368741.2318025	-120913.0
1607368741.3259883	-120859.0
1607368741.4201853	-120849.0
1607368741.5144002	-120899.0
1607368741.6086159	-120920.0
1607368741.702879	-120887.0
1607368741.7970243	-120822.0
1607368741.8912268	-120820.0
1607368741.9851937	-120880.0
1607368742.079632	-120893.0
1607368742.1738617	-120852.0
1607368742.2680457	-120864.0
1607368742.362226	-120842.0
1607368742.4564083	-120863.0
1607368742.5506237	-120896.0
1607368742.6448536	-120880.0
1607368742.7390337	-120884.0
1607368742.8332784	-120900.0
1607368742.9274342	-120885.0
1607368743.0213711	-120883.0
1607368743.115653	-120862.0
1607368743.2098117	-120850.0
1607368743.3040152	-120902.0
1607368743.3979223	-120857.0
1607368743.4923751	-120892.0
1607368743.586531	-120885.0
1607368743.6806643	-120856.0
1607368743.7748468	-120842.0
1607368743.8690398	-120878.0
1607368743.9630373	-120923.0
1607368744.0573816	-120876.0
1607368744.1514173	-120824.0
1607368744.2457075	-120845.0
1607368744.3398979	-120891.0
1607368744.4340527	-120907.0
1607368744.5282168	-120869.0
1607368744.6224976	-120881.0
1607368744.716547	-120864.0
1607368744.8106003	-120849.0
1607368744.9048219	-120856.0
1607368744.9990795	-120850.0
1607368745.09331	-120866.0
1607368745.1874123	-120874.0
1607368745.281601	-120862.0
1607368745.3757164	-120847.0
1607368745.4699152	-120837.0
1607368745.5641387	-120847.0
1607368745.6582546	-120848.0
1607368745.752501	-120833.0
1607368745.8436599	-120827.0
1607368745.9377744	-120821.0
1607368746.031792	-120812.0
1607368746.1262693	-120823.0
1607368746.2203906	-120840.0
1607368746.3146052	-120802.0
1607368746.4088044	-120757.0
1607368746.5030754	-120766.0
1607368746.5970154	-120813.0
1607368746.6914327	-120833.0
1607368746.7854254	-120868.0
1607368746.879855	-120839.0
1607368746.9741044	-120864.0
1607368747.0680318	-120890.0
1607368747.1624975	-120895.0
1607368747.2566407	-120857.0
1607368747.3508518	-120835.0
1607368747.4448242	-120833.0
1607368747.539232	-120919.0
1607368747.6332934	-120902.0
1607368747.7276776	-120852.0
1607368747.8218534	-120840.0
1607368747.9161165	-120847.0
1607368748.0102837	-120855.0
1607368748.10431	-120860.0
1607368748.1986754	-120850.0
1607368748.2929296	-120838.0
1607368748.3870904	-120826.0
1607368748.4812841	-120854.0
1607368748.5754828	-120886.0
1607368748.6696825	-120877.0
1607368748.7639265	-120829.0
1607368748.8578563	-120858.0
1607368748.9520483	-120877.0
1607368749.046275	-120877.0
1607368749.1404727	-120903.0
1607368749.2344666	-120895.0
1607368749.3286712	-120914.0
1607368749.42312	-120821.0
1607368749.5171819	-120783.0
1607368749.6114225	-120820.0
1607368749.705596	-120852.0
1607368749.799733	-120810.0
1607368749.8939192	-120828.0
1607368749.98809	-120825.0
1607368750.0823953	-120774.0
1607368750.1765354	-120784.0
1607368750.2707267	-120816.0
1607368750.3648572	-120835.0
1607368750.4590774	-120832.0
1607368750.5533037	-120783.0
1607368750.647287	-120820.0
1607368750.7414896	-120821.0
1607368750.8357913	-120854.0
1607368750.9299781	-120845.0
1607368751.0241802	-120814.0
1607368751.1182406	-120823.0
1607368751.2126517	-120822.0
1607368751.30679	-120792.0
1607368751.4009051	-120778.0
1607368751.495119	-120816.0
1607368751.5893211	-120862.0
1607368751.6834772	-120812.0
1607368751.777496	-120771.0
1607368751.8718123	-120764.0
1607368751.9660583	-120784.0
1607368752.060245	-120786.0
1607368752.1544325	-120831.0
1607368752.2485585	-120808.0
1607368752.3428247	-120827.0
1607368752.436977	-120738.0
1607368752.5311792	-120732.0
1607368752.625367	-120782.0
1607368752.7195883	-120763.0
1607368752.8137052	-120778.0
1607368752.9078972	-120766.0
1607368753.0021148	-120791.0
1607368753.0962274	-120821.0
1607368753.1905131	-120818.0
1607368753.28462	-120772.0
1607368753.378829	-120776.0
1607368753.4730859	-120794.0
1607368753.567229	-120777.0
1607368753.6614556	-120772.0
1607368753.7556345	-120750.0
1607368753.849752	-120777.0
1607368753.9439628	-120777.0
1607368754.035147	-120784.0
1607368754.1291015	-120791.0
1607368754.2236133	-120828.0
1607368754.3177254	-120794.0
1607368754.4125776	-120819.0
1607368754.505197	-120828.0
1607368754.5994575	-120757.0
1607368754.6936123	-120750.0
1607368754.7878098	-120831.0
1607368754.8820248	-120783.0
1607368754.9762156	-120752.0
1607368755.070424	-120762.0
1607368755.1655495	-120756.0
1607368755.2597845	-120775.0
1607368755.3538516	-120768.0
1607368755.4481006	-120799.0
1607368755.5414252	-120870.0
1607368755.6356122	-120819.0
1607368755.7298589	-120777.0
1607368755.8240397	-120793.0
1607368755.9182587	-120818.0
1607368756.0124826	-120865.0
1607368756.106658	-120876.0
1607368756.2020898	-120839.0
1607368756.2959905	-120832.0
1607368756.39018	-120815.0
1607368756.4844255	-120849.0
1607368756.5786488	-120869.0
1607368756.6725922	-120879.0
1607368756.7670004	-120872.0
1607368756.8611877	-120842.0
1607368756.9551113	-120804.0
1607368757.04934	-120827.0
1607368757.1436043	-120824.0
1607368757.2377253	-120854.0
1607368757.3318696	-120904.0
1607368757.4260678	-120857.0
1607368757.5202787	-120862.0
1607368757.614395	-120873.0
1607368757.70858	-120880.0
1607368757.8027625	-120897.0
1607368757.8969243	-120895.0
1607368757.9911394	-120920.0
1607368758.0851228	-120903.0
1607368758.179442	-120923.0
1607368758.2738802	-120924.0
1607368758.367186	-120922.0
1607368758.4613786	-120960.0
1607368758.5555391	-120921.0
1607368758.6497412	-120916.0
1607368758.743939	-120979.0
1607368758.8380866	-120948.0
1607368758.9323263	-120904.0
1607368759.026524	-120899.0
1607368759.1211524	-120898.0
1607368759.215382	-120877.0
1607368759.3095315	-120906.0
1607368759.4037228	-120923.0
1607368759.4981294	-120850.0
1607368759.59198	-120832.0
1607368759.6862748	-120884.0
1607368759.7804835	-120937.0
1607368759.8745892	-120933.0
1607368759.968803	-120924.0
1607368760.059926	-120894.0
1607368760.1541917	-120893.0
1607368760.2483153	-120873.0
1607368760.342576	-120900.0
1607368760.4367404	-120892.0
1607368760.5310605	-120892.0
1607368760.6251094	-120880.0
1607368760.7193434	-120894.0
1607368760.8136005	-120927.0
1607368760.907738	-120904.0
1607368761.0019472	-120908.0
1607368761.0958056	-120880.0
1607368761.1903412	-120901.0
1607368761.284648	-120907.0
1607368761.378753	-120897.0
1607368761.4729757	-120920.0
1607368761.5671666	-120918.0
1607368761.661367	-120957.0
1607368761.7555594	-120971.0
1607368761.849777	-120974.0
1607368761.9440002	-120980.0
1607368762.0381083	-120939.0
1607368762.1339865	-120934.0
1607368762.2260725	-120878.0
1607368762.3207736	-120899.0
1607368762.414987	-120951.0
1607368762.5091813	-120965.0
1607368762.6034322	-120968.0
1607368762.697598	-120962.0
1607368762.7917871	-120959.0
1607368762.8859801	-120955.0
1607368762.9801905	-120936.0
1607368763.0744247	-120959.0
1607368763.168588	-120952.0
1607368763.2629113	-120905.0
1607368763.3569944	-120954.0
1607368763.451218	-120980.0
1607368763.5454223	-120908.0
1607368763.6395774	-120908.0
1607368763.7338428	-120896.0
1607368763.8280158	-120966.0
1607368763.9222145	-120983.0
1607368764.0164175	-121016.0
1607368764.1106937	-121019.0
1607368764.2046356	-121024.0
1607368764.2988598	-121034.0
1607368764.3933697	-120978.0
1607368764.4874978	-120937.0
1607368764.5817137	-120972.0
1607368764.6756828	-121015.0
1607368764.7700555	-121006.0
1607368764.8638754	-121013.0
1607368764.958265	-121019.0
1607368765.052473	-121085.0
1607368765.146567	-121075.0
1607368765.2407603	-121042.0
1607368765.334959	-121043.0
1607368765.4290967	-121011.0
1607368765.5233521	-121023.0
1607368765.6175196	-121041.0
1607368765.7116294	-121043.0
1607368765.8058386	-121040.0
1607368765.900037	-120987.0
1607368765.994183	-120966.0
1607368766.0883245	-121017.0
1607368766.182533	-120988.0
1607368766.2766907	-120972.0
1607368766.3708825	-121009.0
1607368766.4650204	-121049.0
1607368766.5592566	-121043.0
1607368766.6534534	-121064.0
1607368766.7475219	-121039.0
1607368766.8417423	-120974.0
1607368766.935858	-120918.0
1607368767.0300646	-120979.0
1607368767.1242812	-121059.0
1607368767.2183917	-121054.0
1607368767.3126552	-121009.0
1607368767.4067836	-121044.0
1607368767.500903	-120994.0
1607368767.5951142	-120949.0
1607368767.6893013	-120989.0
1607368767.7805095	-121037.0
1607368767.874696	-121072.0
1607368767.9689136	-121039.0
1607368768.0632098	-121014.0
1607368768.1572974	-120999.0
1607368768.2515082	-121026.0
1607368768.3457193	-121031.0
1607368768.4399498	-120998.0
1607368768.5341225	-121022.0
1607368768.6283197	-121021.0
1607368768.7225547	-121039.0
1607368768.8167076	-121028.0
1607368768.9109235	-121042.0
1607368769.0051093	-121098.0
1607368769.0993378	-121093.0
1607368769.193585	-121076.0
1607368769.2876754	-121019.0
1607368769.3821921	-121019.0
1607368769.4761217	-121030.0
1607368769.570327	-121039.0
1607368769.664532	-121096.0
1607368769.7587216	-121099.0
1607368769.8529809	-121035.0
1607368769.9471474	-120983.0
1607368770.0414023	-120993.0
1607368770.1355376	-121050.0
1607368770.229727	-121117.0
1607368770.3240051	-121114.0
1607368770.4181323	-121079.0
1607368770.5123968	-121050.0
1607368770.60654	-121056.0
1607368770.7007477	-120985.0
1607368770.7949605	-121001.0
1607368770.8891275	-121027.0
1607368770.983424	-121044.0
1607368771.0775726	-121092.0
1607368771.1717272	-121090.0
1607368771.265968	-121083.0
1607368771.3601613	-121085.0
1607368771.4543447	-121107.0
1607368771.548356	-121101.0
1607368771.6427264	-121093.0
1607368771.7367404	-121075.0
1607368771.8309765	-121040.0
1607368771.9251645	-121024.0
1607368772.019473	-121077.0
1607368772.1135108	-121079.0
1607368772.2076795	-121029.0
1607368772.301201	-121027.0
1607368772.395246	-121045.0
1607368772.4894485	-121045.0
1607368772.5836515	-121045.0
1607368772.677817	-120999.0
1607368772.772009	-120969.0
1607368772.866227	-121022.0
1607368772.9603791	-121025.0
1607368773.0552444	-121003.0
1607368773.1494575	-121011.0
1607368773.2435758	-121008.0
1607368773.3377447	-121018.0
1607368773.4319792	-120972.0
1607368773.5261023	-121028.0
1607368773.6202064	-121022.0
1607368773.7144995	-121067.0
1607368773.8086388	-121027.0
1607368773.9028947	-120987.0
1607368773.9970517	-121034.0
1607368774.0911388	-121023.0
1607368774.1853397	-121008.0
1607368774.279546	-121008.0
1607368774.37368	-120976.0
1607368774.4678524	-121011.0
1607368774.5620677	-121015.0
1607368774.656186	-121018.0
1607368774.7503667	-121051.0
1607368774.8445992	-121055.0
1607368774.9357243	-121031.0
1607368775.0299368	-121034.0
1607368775.1241727	-121055.0
1607368775.218119	-121082.0
1607368775.3125956	-121050.0
1607368775.406734	-121076.0
1607368775.5009415	-121080.0
1607368775.5951457	-121072.0
1607368775.6893415	-121076.0
1607368775.783625	-121099.0
1607368775.877755	-121118.0
1607368775.9719691	-121071.0
1607368776.0661705	-121066.0
1607368776.1603382	-121089.0
1607368776.254301	-121085.0
1607368776.3487756	-121057.0
1607368776.442996	-121055.0
1607368776.5372148	-121041.0
1607368776.6314669	-121027.0
1607368776.7256272	-121038.0
1607368776.8198211	-121050.0
1607368776.91404	-121091.0
1607368777.0081995	-121060.0
1607368777.10244	-121040.0
1607368777.1965947	-121040.0
1607368777.2907865	-121115.0
1607368777.3849866	-121108.0
1607368777.4791963	-121078.0
1607368777.573448	-121070.0
1607368777.6676064	-121024.0
1607368777.7617977	-121044.0
1607368777.855982	-121101.0
1607368777.9502358	-121081.0
1607368778.044443	-121072.0
1607368778.1386209	-121088.0
1607368778.2328715	-121072.0
1607368778.327499	-121105.0
1607368778.4209824	-121108.0
1607368778.515295	-121116.0
1607368778.60941	-121103.0
1607368778.7037385	-121102.0
1607368778.7974775	-121068.0
1607368778.891936	-121026.0
1607368778.9862351	-120999.0
1607368779.0801575	-120997.0
1607368779.1744664	-121035.0
1607368779.2683494	-121040.0
1607368779.3629186	-121141.0
1607368779.4569767	-121075.0
1607368779.5511827	-121001.0
1607368779.6453936	-121043.0
1607368779.7394855	-121036.0
1607368779.8337228	-121069.0
1607368779.927901	-121051.0
1607368780.0221474	-121017.0
1607368780.1162987	-121043.0
1607368780.2105048	-121043.0
1607368780.3046613	-121024.0
1607368780.398903	-121000.0
1607368780.4931538	-120994.0
1607368780.587236	-121006.0
1607368780.6814363	-121040.0
1607368780.7756357	-121031.0
1607368780.8697546	-121019.0
1607368780.963962	-121060.0
1607368781.0581527	-121110.0
1607368781.1522627	-121100.0
1607368781.2464879	-121080.0
1607368781.340682	-121070.0
1607368781.4348824	-121064.0
1607368781.52903	-121053.0
1607368781.6232452	-121047.0
1607368781.7174098	-121048.0
1607368781.8116167	-121038.0
1607368781.9058123	-121056.0
1607368782.0000343	-121078.0
1607368782.0942488	-121096.0
1607368782.1882956	-121064.0
1607368782.2825904	-121018.0
1607368782.3767836	-121042.0
1607368782.4708395	-121023.0
1607368782.5650523	-121061.0
1607368782.659276	-121075.0
1607368782.7534654	-121089.0
1607368782.8477128	-121095.0
1607368782.9388144	-121082.0
1607368783.0331342	-121092.0
1607368783.1272204	-121090.0
1607368783.2214022	-121064.0
1607368783.3156216	-120995.0
1607368783.4098418	-121001.0
1607368783.5040586	-121060.0
1607368783.5982268	-121083.0
1607368783.6924777	-121030.0
1607368783.786624	-121003.0
1607368783.8808298	-121035.0
1607368783.975047	-120992.0
1607368784.0692754	-121002.0
1607368784.16351	-121055.0
1607368784.257653	-121045.0
1607368784.3518546	-121014.0
1607368784.4460511	-121059.0
1607368784.540243	-121007.0
1607368784.6344597	-121001.0
1607368784.7286594	-121016.0
1607368784.822968	-120994.0
1607368784.9170504	-121015.0
1607368785.0113213	-121027.0
1607368785.1054697	-121023.0
1607368785.1997068	-120990.0
1607368785.2939126	-120992.0
1607368785.3880424	-120956.0
1607368785.4822667	-120986.0
1607368785.576489	-120994.0
1607368785.6706882	-120994.0
1607368785.7648997	-121017.0
1607368785.859086	-121034.0
1607368785.9533372	-121008.0
1607368786.0474768	-120974.0
1607368786.141713	-120966.0
1607368786.2359369	-120998.0
1607368786.3301024	-120995.0
1607368786.4242976	-121016.0
1607368786.5185044	-121022.0
1607368786.6127646	-120995.0
1607368786.7069087	-120993.0
1607368786.801117	-120946.0
1607368786.8953087	-120942.0
1607368786.9895747	-120967.0
1607368787.0837653	-120969.0
1607368787.1779146	-120988.0
1607368787.2721205	-121015.0
1607368787.366319	-120961.0
1607368787.4605153	-120992.0
1607368787.5545046	-121052.0
1607368787.6487253	-121026.0
1607368787.7429624	-120979.0
1607368787.8371227	-121011.0
1607368787.931326	-121040.0
1607368788.0254495	-121030.0
1607368788.1196456	-121014.0
1607368788.2138498	-121037.0
1607368788.3079758	-121004.0
1607368788.4021702	-120987.0
1607368788.4964023	-121005.0
1607368788.5905733	-121022.0
1607368788.684711	-121004.0
1607368788.7788956	-121009.0
1607368788.8731546	-121059.0
1607368788.9673357	-121051.0
1607368789.0614288	-121003.0
1607368789.1556222	-120986.0
1607368789.2498372	-120975.0
1607368789.3439662	-120984.0
1607368789.438131	-121043.0
1607368789.5324073	-121060.0
1607368789.6264844	-121096.0
1607368789.7206817	-121080.0
1607368789.814885	-121066.0
1607368789.9090095	-121021.0
1607368790.0033202	-120989.0
1607368790.0974088	-121029.0
1607368790.1915357	-121026.0
1607368790.285732	-121029.0
1607368790.3799434	-121001.0
1607368790.4740477	-121003.0
1607368790.5682745	-121021.0
1607368790.6625156	-121047.0
1607368790.7565653	-121005.0
1607368790.8507857	-121009.0
1607368790.944994	-120996.0
1607368791.0361307	-121004.0
1607368791.1303236	-121050.0
1607368791.224525	-120996.0
1607368791.318728	-120996.0
1607368791.4129827	-121033.0
1607368791.5071561	-121049.0
1607368791.6013408	-121052.0
1607368791.6955366	-121068.0
1607368791.7897441	-121093.0
1607368791.883982	-121121.0
1607368791.9781466	-121101.0
1607368792.0723696	-121121.0
1607368792.166565	-121081.0
1607368792.26076	-121092.0
1607368792.354972	-121107.0
1607368792.4491575	-121077.0
1607368792.5434325	-121092.0
1607368792.6375284	-121119.0
1607368792.7317693	-121130.0
1607368792.825973	-121087.0
1607368792.9201634	-121090.0
1607368793.014369	-121084.0
1607368793.1085808	-121036.0
1607368793.2028255	-121043.0
1607368793.2969916	-121082.0
1607368793.3911834	-121120.0
1607368793.4854503	-121150.0
1607368793.5795827	-121149.0
1607368793.6738446	-121156.0
1607368793.7679894	-121162.0
1607368793.8621984	-121131.0
1607368793.956396	-121123.0
1607368794.0505953	-121150.0
1607368794.1448083	-121137.0
1607368794.2389758	-121117.0
1607368794.3332486	-121140.0
1607368794.4274106	-121135.0
1607368794.5215943	-121113.0
1607368794.6158524	-121089.0
1607368794.7100222	-121123.0
1607368794.8041854	-121134.0
1607368794.8984272	-121160.0
1607368794.9926813	-121152.0
1607368795.086828	-121095.0
1607368795.1810236	-121074.0
1607368795.2752178	-121141.0
1607368795.3694327	-121143.0
1607368795.4637268	-121121.0
1607368795.5578525	-121138.0
1607368795.652042	-121153.0
1607368795.7462697	-121133.0
1607368795.8402271	-121132.0
1607368795.9344387	-121109.0
1607368796.0286567	-121083.0
1607368796.12289	-121060.0
1607368796.2170367	-121056.0
1607368796.311238	-121095.0
1607368796.4054525	-121115.0
1607368796.4996438	-121151.0
1607368796.5938134	-121171.0
1607368796.6879308	-121184.0
1607368796.7821715	-121142.0
1607368796.8762941	-121122.0
1607368796.9705155	-121157.0
1607368797.064689	-121154.0
1607368797.1589007	-121161.0
1607368797.253058	-121191.0
1607368797.347226	-121201.0
1607368797.4414227	-121242.0
1607368797.5356343	-121213.0
1607368797.6298275	-121143.0
1607368797.7240489	-121155.0
1607368797.8181515	-121186.0
1607368797.912394	-121186.0
1607368798.0065582	-121152.0
1607368798.1007714	-121165.0
1607368798.194965	-121207.0
1607368798.2891607	-121194.0
1607368798.3834152	-121182.0
1607368798.4775867	-121197.0
1607368798.571769	-121205.0
1607368798.6659794	-121170.0
1607368798.7600908	-121202.0
1607368798.8542697	-121186.0
1607368798.9485657	-121150.0
1607368799.042765	-121098.0
1607368799.136782	-121108.0
1607368799.2311115	-121116.0
1607368799.3253338	-121086.0
1607368799.4195206	-121084.0
1607368799.5136683	-121086.0
1607368799.6078393	-121138.0
1607368799.7020192	-121147.0
1607368799.7962546	-121175.0
1607368799.8904488	-121197.0
1607368799.9850876	-121206.0
1607368800.0787747	-121170.0
1607368800.1730216	-121092.0
1607368800.2671077	-121088.0
1607368800.3613095	-121130.0
1607368800.4555233	-121092.0
1607368800.5497086	-121052.0
1607368800.6438339	-121054.0
1607368800.7380035	-121065.0
1607368800.8321502	-121118.0
1607368800.9264872	-121085.0
1607368801.0204153	-121059.0
1607368801.1117382	-121075.0
1607368801.2058704	-121143.0
1607368801.3000996	-121151.0
1607368801.3943064	-121158.0
1607368801.4885812	-121192.0
1607368801.5828998	-121179.0
1607368801.6769383	-121179.0
1607368801.7710783	-121183.0
1607368801.866646	-121098.0
1607368801.9597309	-121093.0
1607368802.0534348	-121141.0
1607368802.1477818	-121130.0
1607368802.2422051	-121154.0
1607368802.3363714	-121140.0
1607368802.4305677	-121142.0
1607368802.524745	-121144.0
